40
FLD1_M90848.1    0.0000000 0.0289390 0.0288927 0.0617738 0.0171122 0.0520335 0.0395962 0.0269806 0.0236848 0.0402843 0.0440666 0.0339558 0.0522318 0.0535194 0.0501233 0.1512339 0.1550301 0.1508117 0.0304834 0.0342351 0.0409731 0.1174211 0.1162096 0.1271317 0.0614693 0.0716909 0.0471817 0.1323267 0.1493678 0.1282436 0.1229732 0.0789080 0.1138012 0.0831515 0.1674686 0.1277408 0.0863477 0.0871287 0.1006538 0.0875531 
FLD2_M90849.1    0.0289390 0.0000000 0.0170648 0.0550939 0.0170921 0.0455000 0.0364205 0.0177887 0.0146415 0.0306349 0.0342240 0.0307856 0.0485473 0.0501839 0.0468167 0.1469982 0.1505532 0.1465892 0.0132651 0.0167550 0.0234016 0.1129687 0.1118083 0.1225614 0.0544797 0.0645552 0.0405138 0.1243203 0.1330948 0.1203138 0.1185885 0.0788614 0.1187154 0.0757560 0.1626950 0.1277408 0.0863477 0.0871287 0.1006538 0.0753773 
FLD4_M90850.1    0.0288927 0.0170648 0.0000000 0.0550037 0.0112945 0.0454253 0.0363599 0.0177592 0.0146174 0.0305831 0.0341655 0.0307333 0.0484565 0.0500992 0.0467377 0.1427580 0.1502865 0.1423617 0.0200309 0.0236166 0.0302897 0.1040102 0.1029514 0.1133694 0.0543863 0.0644452 0.0339573 0.1241169 0.1328762 0.1201168 0.1183852 0.0787271 0.1184483 0.0756261 0.1623966 0.1410331 0.0982239 0.0991324 0.1131466 0.0792547 
FLD5_M90851.1    0.0617738 0.0550939 0.0550037 0.0000000 0.0486045 0.0084018 0.0238500 0.0499296 0.0536221 0.0652767 0.0733702 0.0692593 0.0335549 0.0361809 0.0330080 0.1883216 0.1760188 0.1877683 0.0573733 0.0616625 0.0687023 0.1544648 0.1527812 0.1654198 0.0612146 0.0643939 0.0536724 0.1699364 0.1890008 0.1654222 0.1611449 0.1163323 0.1565483 0.1131109 0.2045285 0.1792304 0.1578607 0.1595642 0.1770603 0.1252159 
FLD7_M90852.1    0.0171122 0.0170921 0.0112945 0.0486045 0.0000000 0.0391371 0.0301205 0.0177887 0.0146415 0.0306349 0.0342240 0.0307856 0.0412501 0.0435690 0.0402587 0.1347617 0.1418067 0.1343888 0.0200685 0.0236612 0.0303462 0.0956039 0.0946366 0.1047703 0.0476932 0.0576452 0.0340151 0.1166999 0.1330948 0.1127557 0.1107057 0.0717187 0.1083896 0.0686184 0.1533990 0.1277408 0.0863477 0.0871287 0.1006538 0.0715582 
FLD8_M90853.1    0.0520335 0.0455000 0.0454253 0.0084018 0.0391371 0.0000000 0.0147715 0.0401929 0.0437468 0.0587208 0.0666706 0.0626335 0.0266564 0.0268913 0.0237900 0.1750084 0.1625353 0.1744967 0.0498339 0.0540030 0.0610189 0.1449269 0.1433559 0.1556401 0.0510636 0.0542194 0.0437903 0.1575624 0.1761585 0.1531420 0.1483654 0.1047074 0.1453405 0.1014822 0.1896077 0.1642972 0.1439862 0.1455066 0.1623634 0.1122359 
FLPA1_M90855.1   0.0395962 0.0364205 0.0363599 0.0238500 0.0301205 0.0147715 0.0000000 0.0301792 0.0335422 0.0476979 0.0552104 0.0513982 0.0335926 0.0365767 0.0333671 0.1589090 0.1464722 0.1584552 0.0420408 0.0460539 0.0529855 0.1341773 0.1327460 0.1445240 0.0483854 0.0515770 0.0410886 0.1470329 0.1654157 0.1426513 0.1351666 0.0889030 0.1381579 0.0896656 0.1713582 0.1452149 0.1266938 0.1279610 0.1436126 0.0990241 
FLPA5_M90857.1   0.0269806 0.0177887 0.0177592 0.0499296 0.0177887 0.0401929 0.0301792 0.0000000 0.0028900 0.0279236 0.0348450 0.0313376 0.0413419 0.0436568 0.0403394 0.1457199 0.1492698 0.1453073 0.0204592 0.0241273 0.0309423 0.1156005 0.1143849 0.1254672 0.0483514 0.0584484 0.0344700 0.1304571 0.1397840 0.1262199 0.1184302 0.0702153 0.1219818 0.0781924 0.1615716 0.1602133 0.1140444 0.1151629 0.1302971 0.0822128 
FLPA7_M90859.1   0.0236848 0.0146415 0.0146174 0.0536221 0.0146415 0.0437468 0.0335422 0.0028900 0.0000000 0.0276998 0.0312608 0.0278365 0.0453234 0.0472796 0.0439088 0.1443369 0.1477781 0.1439319 0.0168079 0.0203842 0.0271121 0.1097999 0.1086639 0.1194174 0.0521486 0.0623870 0.0380104 0.1251237 0.1342301 0.1209706 0.1173205 0.0659509 0.1150403 0.0737481 0.1598724 0.1602133 0.1140444 0.1151629 0.1302971 0.0772736 
FLPB2_M90863.1   0.0402843 0.0306349 0.0305831 0.0652767 0.0306349 0.0587208 0.0476979 0.0279236 0.0276998 0.0000000 0.0180745 0.0210325 0.0569673 0.0621103 0.0585408 0.1486404 0.1536580 0.1523786 0.0310461 0.0348748 0.0417378 0.1237552 0.1224555 0.1337606 0.0681777 0.0790124 0.0529421 0.1502538 0.1560101 0.1457533 0.1252829 0.0944782 0.1263941 0.0953089 0.1699606 0.1277408 0.0863477 0.0871287 0.1006538 0.0833690 
FLPB29_M90871.1  0.0440666 0.0342240 0.0341655 0.0733702 0.0342240 0.0666706 0.0552104 0.0348450 0.0312608 0.0180745 0.0000000 0.0211567 0.0691656 0.0701496 0.0664632 0.1479883 0.1478675 0.1517074 0.0385564 0.0425330 0.0494817 0.1135990 0.1175760 0.1232624 0.0767000 0.0878417 0.0608823 0.1567045 0.1583888 0.1479360 0.1430952 0.0997040 0.1312988 0.0955837 0.1791405 0.1277408 0.0863477 0.0871287 0.1006538 0.0922138 
FLPB31_M90872.1  0.0339558 0.0307856 0.0307333 0.0692593 0.0307856 0.0626335 0.0513982 0.0313376 0.0278365 0.0210325 0.0211567 0.0000000 0.0647297 0.0660665 0.0624401 0.1537682 0.1538018 0.1575395 0.0274664 0.0385223 0.0380806 0.1236216 0.1223237 0.1336219 0.0723690 0.0833534 0.0568504 0.1466969 0.1569745 0.1466355 0.1435855 0.0950210 0.1265255 0.0958615 0.1798465 0.1277408 0.0863477 0.0871287 0.1006538 0.0925025 
FLPC12_M90877.1  0.0522318 0.0485473 0.0484565 0.0335549 0.0412501 0.0266564 0.0335926 0.0413419 0.0453234 0.0569673 0.0691656 0.0647297 0.0000000 0.0163319 0.0129968 0.1944299 0.1760115 0.1937876 0.0503606 0.0545823 0.0616738 0.1397826 0.1382750 0.1503476 0.0466090 0.0542347 0.0424344 0.1757228 0.1868846 0.1647102 0.1509942 0.1108336 0.1393107 0.1170419 0.1955911 0.1762965 0.1279610 0.1292565 0.1451285 0.1214912 
FLPC14_M90878.1  0.0535194 0.0501839 0.0500992 0.0361809 0.0435690 0.0268913 0.0365767 0.0436568 0.0472796 0.0621103 0.0701496 0.0660665 0.0163319 0.0000000 0.0028758 0.1840585 0.1711803 0.1835180 0.0535116 0.0577333 0.0647515 0.1494211 0.1477998 0.1602305 0.0446511 0.0514103 0.0409578 0.1677070 0.1828634 0.1630582 0.1558396 0.1103513 0.1393198 0.1113386 0.1942538 0.1930362 0.1424665 0.1439543 0.1605946 0.1147325 
FLPC20_M90879.1  0.0501233 0.0468167 0.0467377 0.0330080 0.0402587 0.0237900 0.0333671 0.0403394 0.0439088 0.0585408 0.0664632 0.0624401 0.0129968 0.0028758 0.0000000 0.1792656 0.1663623 0.1787409 0.0496660 0.0538196 0.0608137 0.1443962 0.1428363 0.1550644 0.0412539 0.0479552 0.0376199 0.1631182 0.1781038 0.1585122 0.1512022 0.1062229 0.1447171 0.1071682 0.1889206 0.1930362 0.1424665 0.1439543 0.1605946 0.1101213 
FLPD1_M90882.1   0.1512339 0.1469982 0.1427580 0.1883216 0.1347617 0.1750084 0.1589090 0.1457199 0.1443369 0.1486404 0.1479883 0.1537682 0.1944299 0.1840585 0.1792656 0.0000000 0.1079476 0.0000010 0.1582676 0.1629739 0.1722588 0.1771460 0.1608675 0.1938988 0.1868028 0.1956695 0.1746482 0.1744899 0.1710739 0.1660079 0.1522603 0.1503175 0.1790660 0.1333827 0.2422342 0.1140992 0.0743468 0.0750003 0.0879687 0.1502076 
FLPD12_M90886.1  0.1550301 0.1505532 0.1502865 0.1760188 0.1418067 0.1625353 0.1464722 0.1492698 0.1477781 0.1536580 0.1478675 0.1538018 0.1760115 0.1711803 0.1663623 0.1079476 0.0000000 0.1115778 0.1593346 0.1706413 0.1734700 0.1555152 0.1496869 0.1817389 0.1761814 0.1956283 0.1736913 0.1949323 0.1913434 0.1699436 0.1496055 0.1443651 0.1660530 0.1173078 0.2123036 0.1824003 0.1454941 0.1333801 0.1499232 0.1624618 
FLPD3_M90883.1   0.1508117 0.1465892 0.1423617 0.1877683 0.1343888 0.1744967 0.1584552 0.1453073 0.1439319 0.1523786 0.1517074 0.1575395 0.1937876 0.1835180 0.1787409 0.0000010 0.1115778 0.0000000 0.1577565 0.1624479 0.1717016 0.1765570 0.1603407 0.1932445 0.1862356 0.1950744 0.1741276 0.1739810 0.1705724 0.1655243 0.1518104 0.1498795 0.1850533 0.1329970 0.2414200 0.1140992 0.0743468 0.0750003 0.0879687 0.1497205 
FLPE4_M90889.1   0.0304834 0.0132651 0.0200309 0.0573733 0.0200685 0.0498339 0.0420408 0.0204592 0.0168079 0.0310461 0.0385564 0.0274664 0.0503606 0.0535116 0.0496660 0.1582676 0.1593346 0.1577565 0.0000000 0.0167914 0.0166080 0.1132508 0.1120847 0.1228715 0.0576633 0.0690365 0.0419071 0.1507229 0.1515474 0.1403582 0.1217197 0.0813620 0.1190633 0.0866147 0.1788535 0.1277408 0.0863477 0.0871287 0.1006538 0.0781569 
FLPE5_M90890.1   0.0342351 0.0167550 0.0236166 0.0616625 0.0236612 0.0540030 0.0460539 0.0241273 0.0203842 0.0348748 0.0425330 0.0385223 0.0545823 0.0577333 0.0538196 0.1629739 0.1706413 0.1624479 0.0167914 0.0000000 0.0270863 0.1186559 0.1174191 0.1284900 0.0619766 0.0651894 0.0459065 0.1568647 0.1430703 0.1462693 0.1272725 0.0860821 0.1255214 0.0914883 0.1858457 0.1138288 0.0997153 0.1006538 0.0877606 0.0881114 
FLPE6_M90891.1   0.0409731 0.0234016 0.0302897 0.0687023 0.0303462 0.0610189 0.0529855 0.0309423 0.0271121 0.0417378 0.0494817 0.0380806 0.0616738 0.0647515 0.0608137 0.1722588 0.1734700 0.1717016 0.0166080 0.0270863 0.0000000 0.1260573 0.1247513 0.1359559 0.0690486 0.0806034 0.0528180 0.1643468 0.1652642 0.1537047 0.1346766 0.0932430 0.1341923 0.0987585 0.1870582 0.1410331 0.0982239 0.0991324 0.1131466 0.0870744 
FLPF1_M90895.1   0.1174211 0.1129687 0.1040102 0.1544648 0.0956039 0.1449269 0.1341773 0.1156005 0.1097999 0.1237552 0.1135990 0.1236216 0.1397826 0.1494211 0.1443962 0.1771460 0.1555152 0.1765570 0.1132508 0.1186559 0.1260573 0.0000000 0.0100143 0.0310453 0.1552880 0.1693370 0.1337318 0.1400844 0.1656811 0.1441125 0.1129709 0.1047930 0.0988618 0.0789909 0.1894179 0.1300094 0.0877438 0.0885520 0.1023550 0.0992816 
FLPF3_M90896.1   0.1162096 0.1118083 0.1029514 0.1527812 0.0946366 0.1433559 0.1327460 0.1143849 0.1086639 0.1224555 0.1175760 0.1223237 0.1382750 0.1477998 0.1428363 0.1608675 0.1496869 0.1603407 0.1120847 0.1174191 0.1247513 0.0100143 0.0000000 0.0273722 0.1535880 0.1674748 0.1323094 0.1291957 0.1539880 0.1331576 0.0993448 0.1037203 0.0884550 0.0664284 0.1722210 0.1300094 0.0877438 0.0885520 0.1023550 0.0893689 
FLPF5_M90897.1   0.1271317 0.1225614 0.1133694 0.1654198 0.1047703 0.1556401 0.1445240 0.1254672 0.1194174 0.1337606 0.1232624 0.1336219 0.1503476 0.1602305 0.1550644 0.1938988 0.1817389 0.1932445 0.1228715 0.1284900 0.1359559 0.0310453 0.0273722 0.0000000 0.1663048 0.1806747 0.1440419 0.1808373 0.1979948 0.1655360 0.1225629 0.1326929 0.1257076 0.0918873 0.2071504 0.1433085 0.0996883 0.1006257 0.1149011 0.1124031 
FLPG1_M90902.1   0.0614693 0.0544797 0.0543863 0.0612146 0.0476932 0.0510636 0.0483854 0.0483514 0.0521486 0.0681777 0.0767000 0.0723690 0.0466090 0.0446511 0.0412539 0.1868028 0.1761814 0.1862356 0.0576633 0.0619766 0.0690486 0.1552880 0.1535880 0.1663048 0.0000000 0.0178474 0.0272435 0.1699368 0.1898519 0.1564214 0.1523519 0.1168773 0.1575250 0.1136442 0.1983504 0.2082493 0.1560401 0.1577014 0.1749201 0.1215293 
FLPG3_M90903.1   0.0716909 0.0645552 0.0644452 0.0643939 0.0576452 0.0542194 0.0515770 0.0584484 0.0623870 0.0790124 0.0878417 0.0833534 0.0542347 0.0514103 0.0479552 0.1956695 0.1956283 0.1950744 0.0690365 0.0651894 0.0806034 0.1693370 0.1674748 0.1806747 0.0178474 0.0000000 0.0272281 0.1883214 0.2090333 0.1743709 0.1613107 0.1164483 0.1865064 0.1212994 0.2133893 0.1868555 0.1693288 0.1711649 0.1556681 0.1343959 
FLPG4_M90904.1   0.0471817 0.0405138 0.0339573 0.0536724 0.0340151 0.0437903 0.0410886 0.0344700 0.0380104 0.0529421 0.0608823 0.0568504 0.0424344 0.0409578 0.0376199 0.1746482 0.1736913 0.1741276 0.0419071 0.0459065 0.0528180 0.1337318 0.1323094 0.1440419 0.0272435 0.0272281 0.0000000 0.1553264 0.1744901 0.1507726 0.1298861 0.0920441 0.1435513 0.0964820 0.1949939 0.1745431 0.1267733 0.1280440 0.1437326 0.1023965 
FLPH1D_M90907.1  0.1323267 0.1243203 0.1241169 0.1699364 0.1166999 0.1575624 0.1470329 0.1304571 0.1251237 0.1502538 0.1567045 0.1466969 0.1757228 0.1677070 0.1631182 0.1744899 0.1949323 0.1739810 0.1507229 0.1568647 0.1643468 0.1400844 0.1291957 0.1808373 0.1699368 0.1883214 0.1553264 0.0000000 0.0501570 0.0319028 0.1320765 0.1225137 0.1702170 0.0960485 0.2172333 0.1767120 0.1592387 0.1295660 0.1454770 0.1165045 
FLPH2D_M90908.1  0.1493678 0.1330948 0.1328762 0.1890008 0.1330948 0.1761585 0.1654157 0.1397840 0.1342301 0.1560101 0.1583888 0.1569745 0.1868846 0.1828634 0.1781038 0.1710739 0.1913434 0.1705724 0.1515474 0.1430703 0.1652642 0.1656811 0.1539880 0.1979948 0.1898519 0.2090333 0.1744901 0.0501570 0.0000000 0.0288590 0.1389147 0.1438817 0.1875255 0.1086127 0.2462858 0.1753176 0.1580135 0.1285992 0.1443637 0.1312630 
FLPH4D_M90909.1  0.1282436 0.1203138 0.1201168 0.1654222 0.1127557 0.1531420 0.1426513 0.1262199 0.1209706 0.1457533 0.1479360 0.1466355 0.1647102 0.1630582 0.1585122 0.1660079 0.1699436 0.1655243 0.1403582 0.1462693 0.1537047 0.1441125 0.1331576 0.1655360 0.1564214 0.1743709 0.1507726 0.0319028 0.0288590 0.0000000 0.1277799 0.1113437 0.1688556 0.0847616 0.2058027 0.1459859 0.1299728 0.1023296 0.1169249 0.1076951 
LC08_M90965.1    0.1229732 0.1185885 0.1183852 0.1611449 0.1107057 0.1483654 0.1351666 0.1184302 0.1173205 0.1252829 0.1430952 0.1435855 0.1509942 0.1558396 0.1512022 0.1522603 0.1496055 0.1518104 0.1217197 0.1272725 0.1346766 0.1129709 0.0993448 0.1225629 0.1523519 0.1613107 0.1298861 0.1320765 0.1389147 0.1277799 0.0000000 0.0920755 0.1081079 0.0727845 0.1618170 0.0767113 0.0640618 0.0412369 0.0528508 0.0942320 
LC35_M90964.1    0.0789080 0.0788614 0.0787271 0.1163323 0.0717187 0.1047074 0.0889030 0.0702153 0.0659509 0.0944782 0.0997040 0.0950210 0.1108336 0.1103513 0.1062229 0.1503175 0.1443651 0.1498795 0.0813620 0.0860821 0.0932430 0.1047930 0.1037203 0.1326929 0.1168773 0.1164483 0.0920441 0.1225137 0.1438817 0.1113437 0.0920755 0.0000000 0.1204554 0.0539712 0.1584747 0.0877438 0.0748171 0.0516272 0.0635090 0.0973048 
LC32_M90961.1    0.1138012 0.1187154 0.1184483 0.1565483 0.1083896 0.1453405 0.1381579 0.1219818 0.1150403 0.1263941 0.1312988 0.1265255 0.1393107 0.1393198 0.1447171 0.1790660 0.1660530 0.1850533 0.1190633 0.1255214 0.1341923 0.0988618 0.0884550 0.1257076 0.1575250 0.1865064 0.1435513 0.1702170 0.1875255 0.1688556 0.1081079 0.1204554 0.0000000 0.0898316 0.1486606 0.1300094 0.0877438 0.0885520 0.1023550 0.0978235 
LC15_M90944.1    0.0831515 0.0757560 0.0756261 0.1131109 0.0686184 0.1014822 0.0896656 0.0781924 0.0737481 0.0953089 0.0955837 0.0958615 0.1170419 0.1113386 0.1071682 0.1333827 0.1173078 0.1329970 0.0866147 0.0914883 0.0987585 0.0789909 0.0664284 0.0918873 0.1136442 0.1212994 0.0964820 0.0960485 0.1086127 0.0847616 0.0727845 0.0539712 0.0898316 0.0000000 0.1578492 0.0999503 0.0757550 0.0626899 0.0750003 0.0678018 
LC06_M90936.1    0.1674686 0.1626950 0.1623966 0.2045285 0.1533990 0.1896077 0.1713582 0.1615716 0.1598724 0.1699606 0.1791405 0.1798465 0.1955911 0.1942538 0.1889206 0.2422342 0.2123036 0.2414200 0.1788535 0.1858457 0.1870582 0.1894179 0.1722210 0.2071504 0.1983504 0.2133893 0.1949939 0.2172333 0.2462858 0.2058027 0.1618170 0.1584747 0.1486606 0.1578492 0.0000000 0.1668235 0.1182378 0.1194489 0.1353540 0.1678531 
FLQ5R3E_M92130.1 0.1277408 0.1277408 0.1410331 0.1792304 0.1277408 0.1642972 0.1452149 0.1602133 0.1602133 0.1277408 0.1277408 0.1277408 0.1762965 0.1930362 0.1930362 0.1140992 0.1824003 0.1140992 0.1277408 0.1138288 0.1410331 0.1300094 0.1300094 0.1433085 0.2082493 0.1868555 0.1745431 0.1767120 0.1753176 0.1459859 0.0767113 0.0877438 0.1300094 0.0999503 0.1668235 0.0000000 0.0533009 0.0308650 0.0202087 0.0885696 
FLQ5R3A_M92127.1 0.0863477 0.0863477 0.0982239 0.1578607 0.0863477 0.1439862 0.1266938 0.1140444 0.1140444 0.0863477 0.0863477 0.0863477 0.1279610 0.1424665 0.1424665 0.0743468 0.1454941 0.0743468 0.0863477 0.0997153 0.0982239 0.0877438 0.0877438 0.0996883 0.1560401 0.1693288 0.1267733 0.1592387 0.1580135 0.1299728 0.0640618 0.0748171 0.0877438 0.0757550 0.1182378 0.0533009 0.0000000 0.0200825 0.0308650 0.0754878 
FLQ5R3C_M92128.1 0.0871287 0.0871287 0.0991324 0.1595642 0.0871287 0.1455066 0.1279610 0.1151629 0.1151629 0.0871287 0.0871287 0.0871287 0.1292565 0.1439543 0.1439543 0.0750003 0.1333801 0.0750003 0.0871287 0.1006538 0.0991324 0.0885520 0.0885520 0.1006257 0.1577014 0.1711649 0.1280440 0.1295660 0.1285992 0.1023296 0.0412369 0.0516272 0.0885520 0.0626899 0.1194489 0.0308650 0.0200825 0.0000000 0.0099420 0.0520556 
FLQ5R3D_M92129.1 0.1006538 0.1006538 0.1131466 0.1770603 0.1006538 0.1623634 0.1436126 0.1302971 0.1302971 0.1006538 0.1006538 0.1006538 0.1451285 0.1605946 0.1605946 0.0879687 0.1499232 0.0879687 0.1006538 0.0877606 0.1131466 0.1023550 0.1023550 0.1149011 0.1749201 0.1556681 0.1437326 0.1454770 0.1443637 0.1169249 0.0528508 0.0635090 0.1023550 0.0750003 0.1353540 0.0202087 0.0308650 0.0099420 0.0000000 0.0640618 
LC24_M90953.1    0.0875531 0.0753773 0.0792547 0.1252159 0.0715582 0.1122359 0.0990241 0.0822128 0.0772736 0.0833690 0.0922138 0.0925025 0.1214912 0.1147325 0.1101213 0.1502076 0.1624618 0.1497205 0.0781569 0.0881114 0.0870744 0.0992816 0.0893689 0.1124031 0.1215293 0.1343959 0.1023965 0.1165045 0.1312630 0.1076951 0.0942320 0.0973048 0.0978235 0.0678018 0.1678531 0.0885696 0.0754878 0.0520556 0.0640618 0.0000000 
