6
Human_PAX6          0.0000000 0.0000010 0.6732539 1.0210556 0.4716213 2.9888292 
Mouse_Pax6          0.0000010 0.0000000 0.6732539 1.0210556 0.4716213 2.9888292 
Dmel_toy            0.6732539 0.6732539 0.0000000 1.3554399 0.5645013 3.3180846 
Dmel_eyeless        1.0210556 1.0210556 1.3554399 0.0000000 0.6279781 3.9442832 
Octopus_XP014787872 0.4716213 0.4716213 0.5645013 0.6279781 0.0000000 1.0288964 
Squid_ANN46810      2.9888292 2.9888292 3.3180846 3.9442832 1.0288964 0.0000000 
