6
Octopus_XP014787872 0.0000000 1.1138365 0.4831883 0.5565846 0.4831883 0.5504876 
Squid_ANN46810      1.1138365 0.0000000 2.3248528 3.2771852 2.3248528 3.3529891 
Human_PAX6          0.4831883 2.3248528 0.0000000 0.9127534 0.0000010 0.8090765 
Dmel_eyeless        0.5565846 3.2771852 0.9127534 0.0000000 0.9127534 1.1223784 
Mouse_Pax6          0.4831883 2.3248528 0.0000010 0.9127534 0.0000000 0.8090765 
Dmel_toy            0.5504876 3.3529891 0.8090765 1.1223784 0.8090765 0.0000000 
