6
Squid_ANN46810      0.0000000 1.1908009 1.2335514 1.2335514 1.4179938 1.9201891 
Octopus_XP014787872 1.1908009 0.0000000 0.3161542 0.3161542 0.4750997 0.4709802 
Human_PAX6          1.2335514 0.3161542 0.0000000 0.0000010 0.6037438 0.7407605 
Mouse_Pax6          1.2335514 0.3161542 0.0000010 0.0000000 0.6037438 0.7407605 
Dmel_toy            1.4179938 0.4750997 0.6037438 0.6037438 0.0000000 0.9020845 
Dmel_eyeless        1.9201891 0.4709802 0.7407605 0.7407605 0.9020845 0.0000000 
