6
Dmel_eyeless        0.0000000 0.9876324 1.0566766 1.0566766 0.6454544 2.7275738 
Dmel_toy            0.9876324 0.0000000 0.6996597 0.6996597 0.5121923 2.2305694 
Human_PAX6          1.0566766 0.6996597 0.0000000 0.0000010 0.3987016 2.7632731 
Mouse_Pax6          1.0566766 0.6996597 0.0000010 0.0000000 0.3987016 2.7632731 
Octopus_XP014787872 0.6454544 0.5121923 0.3987016 0.3987016 0.0000000 0.9855421 
Squid_ANN46810      2.7275738 2.2305694 2.7632731 2.7632731 0.9855421 0.0000000 
