6
Octopus_XP014787872 0.0000000 1.1606956 0.4491852 0.5983797 0.4491852 0.6120876 
Squid_ANN46810      1.1606956 0.0000000 2.3536868 4.0496719 2.3536868 3.2827928 
Human_PAX6          0.4491852 2.3536868 0.0000000 0.8798173 0.0000010 0.7248411 
Dmel_eyeless        0.5983797 4.0496719 0.8798173 0.0000000 0.8798173 1.1401016 
Mouse_Pax6          0.4491852 2.3536868 0.0000010 0.8798173 0.0000000 0.7248411 
Dmel_toy            0.6120876 3.2827928 0.7248411 1.1401016 0.7248411 0.0000000 
