6
Dmel_eyeless        0.0000000 1.1974336 1.0636410 1.0636410 0.6472585 3.1907936 
Dmel_toy            1.1974336 0.0000000 0.6786199 0.6786199 0.4967887 2.5361796 
Human_PAX6          1.0636410 0.6786199 0.0000000 0.0000010 0.3908600 2.5890675 
Mouse_Pax6          1.0636410 0.6786199 0.0000010 0.0000000 0.3908600 2.5890675 
Octopus_XP014787872 0.6472585 0.4967887 0.3908600 0.3908600 0.0000000 0.9532786 
Squid_ANN46810      3.1907936 2.5361796 2.5890675 2.5890675 0.9532786 0.0000000 
