6
Dmel_eyeless        0.0000000 1.2161455 1.0383883 1.0383883 0.6367297 3.1854393 
Dmel_toy            1.2161455 0.0000000 0.6672722 0.6672722 0.4899633 2.4893977 
Human_PAX6          1.0383883 0.6672722 0.0000000 0.0000010 0.3858093 2.4846760 
Mouse_Pax6          1.0383883 0.6672722 0.0000010 0.0000000 0.3858093 2.4846760 
Octopus_XP014787872 0.6367297 0.4899633 0.3858093 0.3858093 0.0000000 0.9330053 
Squid_ANN46810      3.1854393 2.4893977 2.4846760 2.4846760 0.9330053 0.0000000 
