6
Squid_ANN46810      0.0000000 1.2343531 1.3165549 1.3165549 1.3578563 1.3796100 
Octopus_XP014787872 1.2343531 0.0000000 0.3256638 0.3256638 0.4760174 0.4685007 
Human_PAX6          1.3165549 0.3256638 0.0000000 0.0000010 0.6305782 0.7746670 
Mouse_Pax6          1.3165549 0.3256638 0.0000010 0.0000000 0.6305782 0.7746670 
Dmel_toy            1.3578563 0.4760174 0.6305782 0.6305782 0.0000000 0.8463190 
Dmel_eyeless        1.3796100 0.4685007 0.7746670 0.7746670 0.8463190 0.0000000 
